   0.0000000000000000E+00   0.0000000000000000E+00   0.9999571637870035E+00
   0.0000000000000000E+00   0.4408024001734234E+00   0.9999571637870035E+00
   0.1570796326794897E+01   0.4408024001734234E+00   0.9999571637870035E+00
   0.3141592653589793E+01   0.4408024001734234E+00   0.9999571637870035E+00
   0.0000000000000000E+00   0.0000000000000000E+00   0.9998810135399545E+00
   0.0000000000000000E+00   0.4408024001734234E+00   0.9998810135399545E+00
   0.1570796326794897E+01   0.4408024001734234E+00   0.9998810135399545E+00
   0.3141592653589793E+01   0.4408024001734234E+00   0.9998810135399545E+00
   0.0000000000000000E+00   0.0000000000000000E+00   0.9997667954183565E+00
   0.0000000000000000E+00   0.4408024001734234E+00   0.9997667954183565E+00
   0.1570796326794897E+01   0.4408024001734234E+00   0.9997667954183565E+00
   0.3141592653589793E+01   0.4408024001734234E+00   0.9997667954183565E+00
   0.0000000000000000E+00   0.0000000000000000E+00   0.9996145181203615E+00
   0.0000000000000000E+00   0.4408024001734234E+00   0.9996145181203615E+00
   0.1570796326794897E+01   0.4408024001734234E+00   0.9996145181203615E+00
   0.3141592653589793E+01   0.4408024001734234E+00   0.9996145181203615E+00
   0.0000000000000000E+00   0.0000000000000000E+00   0.9994241932424753E+00
   0.0000000000000000E+00   0.4408024001734234E+00   0.9994241932424753E+00
   0.1570796326794897E+01   0.4408024001734234E+00   0.9994241932424753E+00
   0.3141592653589793E+01   0.4408024001734234E+00   0.9994241932424753E+00
   0.0000000000000000E+00   0.0000000000000000E+00   0.9991958352786744E+00
   0.0000000000000000E+00   0.4408024001734234E+00   0.9991958352786744E+00
   0.1570796326794897E+01   0.4408024001734234E+00   0.9991958352786744E+00
   0.3141592653589793E+01   0.4408024001734234E+00   0.9991958352786744E+00
   0.0000000000000000E+00   0.0000000000000000E+00   0.9989294616193017E+00
   0.0000000000000000E+00   0.4408024001734234E+00   0.9989294616193017E+00
   0.1570796326794897E+01   0.4408024001734234E+00   0.9989294616193017E+00
   0.3141592653589793E+01   0.4408024001734234E+00   0.9989294616193017E+00
   0.0000000000000000E+00   0.0000000000000000E+00   0.9986250925497429E+00
   0.0000000000000000E+00   0.4408024001734234E+00   0.9986250925497429E+00
   0.1570796326794897E+01   0.4408024001734234E+00   0.9986250925497429E+00
   0.3141592653589793E+01   0.4408024001734234E+00   0.9986250925497429E+00
   0.0000000000000000E+00   0.0000000000000000E+00   0.9982827512488808E+00
   0.0000000000000000E+00   0.4408024001734234E+00   0.9982827512488808E+00
   0.1570796326794897E+01   0.4408024001734234E+00   0.9982827512488808E+00
   0.3141592653589793E+01   0.4408024001734234E+00   0.9982827512488808E+00
   0.0000000000000000E+00   0.0000000000000000E+00   0.9979024637873308E+00
   0.0000000000000000E+00   0.4408024001734234E+00   0.9979024637873308E+00
   0.1570796326794897E+01   0.4408024001734234E+00   0.9979024637873308E+00
   0.3141592653589793E+01   0.4408024001734234E+00   0.9979024637873308E+00
   0.0000000000000000E+00   0.0000000000000000E+00   0.9974842591254558E+00
   0.0000000000000000E+00   0.4408024001734234E+00   0.9974842591254558E+00
   0.1570796326794897E+01   0.4408024001734234E+00   0.9974842591254558E+00
   0.3141592653589793E+01   0.4408024001734234E+00   0.9974842591254558E+00
   0.0000000000000000E+00   0.0000000000000000E+00   0.9970281691111598E+00
   0.0000000000000000E+00   0.4408024001734234E+00   0.9970281691111598E+00
   0.1570796326794897E+01   0.4408024001734234E+00   0.9970281691111598E+00
   0.3141592653589793E+01   0.4408024001734234E+00   0.9970281691111598E+00
   0.0000000000000000E+00   0.0000000000000000E+00   0.9965342284774632E+00
   0.0000000000000000E+00   0.4408024001734234E+00   0.9965342284774632E+00
   0.1570796326794897E+01   0.4408024001734234E+00   0.9965342284774632E+00
   0.3141592653589793E+01   0.4408024001734234E+00   0.9965342284774632E+00
   0.0000000000000000E+00   0.0000000000000000E+00   0.9960024748398575E+00
   0.0000000000000000E+00   0.4408024001734234E+00   0.9960024748398575E+00
   0.1570796326794897E+01   0.4408024001734234E+00   0.9960024748398575E+00
   0.3141592653589793E+01   0.4408024001734234E+00   0.9960024748398575E+00
   0.0000000000000000E+00   0.0000000000000000E+00   0.9954329486934410E+00
   0.0000000000000000E+00   0.4408024001734234E+00   0.9954329486934410E+00
   0.1570796326794897E+01   0.4408024001734234E+00   0.9954329486934410E+00
   0.3141592653589793E+01   0.4408024001734234E+00   0.9954329486934410E+00
   0.0000000000000000E+00   0.0000000000000000E+00   0.9948256934098352E+00
   0.0000000000000000E+00   0.4408024001734234E+00   0.9948256934098352E+00
   0.1570796326794897E+01   0.4408024001734234E+00   0.9948256934098352E+00
   0.3141592653589793E+01   0.4408024001734234E+00   0.9948256934098352E+00
   0.0000000000000000E+00   0.0000000000000000E+00   0.9941807552338804E+00
   0.0000000000000000E+00   0.4408024001734234E+00   0.9941807552338804E+00
   0.1570796326794897E+01   0.4408024001734234E+00   0.9941807552338804E+00
   0.3141592653589793E+01   0.4408024001734234E+00   0.9941807552338804E+00
   0.0000000000000000E+00   0.0000000000000000E+00   0.9934981832801160E+00
   0.0000000000000000E+00   0.4408024001734234E+00   0.9934981832801160E+00
   0.1570796326794897E+01   0.4408024001734234E+00   0.9934981832801160E+00
   0.3141592653589793E+01   0.4408024001734234E+00   0.9934981832801160E+00
   0.0000000000000000E+00   0.0000000000000000E+00   0.9927780295290389E+00
   0.0000000000000000E+00   0.4408024001734234E+00   0.9927780295290389E+00
   0.1570796326794897E+01   0.4408024001734234E+00   0.9927780295290389E+00
   0.3141592653589793E+01   0.4408024001734234E+00   0.9927780295290389E+00
   0.0000000000000000E+00   0.0000000000000000E+00   0.9920203488231454E+00
   0.0000000000000000E+00   0.4408024001734234E+00   0.9920203488231454E+00
   0.1570796326794897E+01   0.4408024001734234E+00   0.9920203488231454E+00
   0.3141592653589793E+01   0.4408024001734234E+00   0.9920203488231454E+00
   0.0000000000000000E+00   0.0000000000000000E+00   0.9912251988627548E+00
   0.0000000000000000E+00   0.4408024001734234E+00   0.9912251988627548E+00
   0.1570796326794897E+01   0.4408024001734234E+00   0.9912251988627548E+00
   0.3141592653589793E+01   0.4408024001734234E+00   0.9912251988627548E+00
   0.0000000000000000E+00   0.0000000000000000E+00   0.9903926402016152E+00
   0.0000000000000000E+00   0.4408024001734234E+00   0.9903926402016152E+00
   0.1570796326794897E+01   0.4408024001734234E+00   0.9903926402016152E+00
   0.3141592653589793E+01   0.4408024001734234E+00   0.9903926402016152E+00
   0.0000000000000000E+00   0.0000000000000000E+00   0.9895227362422919E+00
   0.0000000000000000E+00   0.4408024001734234E+00   0.9895227362422919E+00
   0.1570796326794897E+01   0.4408024001734234E+00   0.9895227362422919E+00
   0.3141592653589793E+01   0.4408024001734234E+00   0.9895227362422919E+00
   0.0000000000000000E+00   0.0000000000000000E+00   0.9886155532313394E+00
   0.0000000000000000E+00   0.4408024001734234E+00   0.9886155532313394E+00
   0.1570796326794897E+01   0.4408024001734234E+00   0.9886155532313394E+00
   0.3141592653589793E+01   0.4408024001734234E+00   0.9886155532313394E+00
   0.0000000000000000E+00   0.0000000000000000E+00   0.9876711602542563E+00
   0.0000000000000000E+00   0.4408024001734234E+00   0.9876711602542563E+00
   0.1570796326794897E+01   0.4408024001734234E+00   0.9876711602542563E+00
   0.3141592653589793E+01   0.4408024001734234E+00   0.9876711602542563E+00
   0.0000000000000000E+00   0.0000000000000000E+00   0.9866896292302242E+00
   0.0000000000000000E+00   0.4408024001734234E+00   0.9866896292302242E+00
   0.1570796326794897E+01   0.4408024001734234E+00   0.9866896292302242E+00
   0.3141592653589793E+01   0.4408024001734234E+00   0.9866896292302242E+00
   0.0000000000000000E+00   0.0000000000000000E+00   0.9856710349066307E+00
   0.0000000000000000E+00   0.4408024001734234E+00   0.9856710349066307E+00
   0.1570796326794897E+01   0.4408024001734234E+00   0.9856710349066307E+00
   0.3141592653589793E+01   0.4408024001734234E+00   0.9856710349066307E+00
   0.0000000000000000E+00   0.0000000000000000E+00   0.9846154548533772E+00
   0.0000000000000000E+00   0.4408024001734234E+00   0.9846154548533772E+00
   0.1570796326794897E+01   0.4408024001734234E+00   0.9846154548533772E+00
   0.3141592653589793E+01   0.4408024001734234E+00   0.9846154548533772E+00
   0.0000000000000000E+00   0.0000000000000000E+00   0.9835229694569716E+00
   0.0000000000000000E+00   0.4408024001734234E+00   0.9835229694569716E+00
   0.1570796326794897E+01   0.4408024001734234E+00   0.9835229694569716E+00
   0.3141592653589793E+01   0.4408024001734234E+00   0.9835229694569716E+00
   0.0000000000000000E+00   0.0000000000000000E+00   0.9823936619144065E+00
   0.0000000000000000E+00   0.4408024001734234E+00   0.9823936619144065E+00
   0.1570796326794897E+01   0.4408024001734234E+00   0.9823936619144065E+00
   0.3141592653589793E+01   0.4408024001734234E+00   0.9823936619144065E+00
   0.0000000000000000E+00   0.0000000000000000E+00   0.9812276182268236E+00
   0.0000000000000000E+00   0.4408024001734234E+00   0.9812276182268236E+00
   0.1570796326794897E+01   0.4408024001734234E+00   0.9812276182268236E+00
   0.3141592653589793E+01   0.4408024001734234E+00   0.9812276182268236E+00
   0.0000000000000000E+00   0.0000000000000000E+00   0.9800249271929643E+00
   0.0000000000000000E+00   0.4408024001734234E+00   0.9800249271929643E+00
   0.1570796326794897E+01   0.4408024001734234E+00   0.9800249271929643E+00
   0.3141592653589793E+01   0.4408024001734234E+00   0.9800249271929643E+00
   0.0000000000000000E+00   0.0000000000000000E+00   0.9787856804024073E+00
   0.0000000000000000E+00   0.4408024001734234E+00   0.9787856804024073E+00
   0.1570796326794897E+01   0.4408024001734234E+00   0.9787856804024073E+00
   0.3141592653589793E+01   0.4408024001734234E+00   0.9787856804024073E+00
   0.0000000000000000E+00   0.0000000000000000E+00   0.9775099722285934E+00
   0.0000000000000000E+00   0.4408024001734234E+00   0.9775099722285934E+00
   0.1570796326794897E+01   0.4408024001734234E+00   0.9775099722285934E+00
   0.3141592653589793E+01   0.4408024001734234E+00   0.9775099722285934E+00
   0.0000000000000000E+00   0.0000000000000000E+00   0.9761978998216392E+00
   0.0000000000000000E+00   0.4408024001734234E+00   0.9761978998216392E+00
   0.1570796326794897E+01   0.4408024001734234E+00   0.9761978998216392E+00
   0.3141592653589793E+01   0.4408024001734234E+00   0.9761978998216392E+00
   0.0000000000000000E+00   0.0000000000000000E+00   0.9748495631009385E+00
   0.0000000000000000E+00   0.4408024001734234E+00   0.9748495631009385E+00
   0.1570796326794897E+01   0.4408024001734234E+00   0.9748495631009385E+00
   0.3141592653589793E+01   0.4408024001734234E+00   0.9748495631009385E+00
   0.0000000000000000E+00   0.0000000000000000E+00   0.9734650647475528E+00
   0.0000000000000000E+00   0.4408024001734234E+00   0.9734650647475528E+00
   0.1570796326794897E+01   0.4408024001734234E+00   0.9734650647475528E+00
   0.3141592653589793E+01   0.4408024001734234E+00   0.9734650647475528E+00
   0.0000000000000000E+00   0.0000000000000000E+00   0.9720445101963922E+00
   0.0000000000000000E+00   0.4408024001734234E+00   0.9720445101963922E+00
   0.1570796326794897E+01   0.4408024001734234E+00   0.9720445101963922E+00
   0.3141592653589793E+01   0.4408024001734234E+00   0.9720445101963922E+00
   0.0000000000000000E+00   0.0000000000000000E+00   0.9705880076281853E+00
   0.0000000000000000E+00   0.4408024001734234E+00   0.9705880076281853E+00
   0.1570796326794897E+01   0.4408024001734234E+00   0.9705880076281853E+00
   0.3141592653589793E+01   0.4408024001734234E+00   0.9705880076281853E+00
   0.0000000000000000E+00   0.0000000000000000E+00   0.9690956679612420E+00
   0.0000000000000000E+00   0.4408024001734234E+00   0.9690956679612420E+00
   0.1570796326794897E+01   0.4408024001734234E+00   0.9690956679612420E+00
   0.3141592653589793E+01   0.4408024001734234E+00   0.9690956679612420E+00
